一、
2 3
4 101 301 402 203
5 102 201 302 303 401
3 203 103 403
2 101 301 102 201 203 103
2 303 401 402 302 103 403
输出数据：
1 2
2 1
3 3

二、
10 5
4 201 202 203 204
5 207 303 304 401 302
9 501 502 506 503 504 505 507 508 509
7 104 105 106 107 108 209 208
1 101
3 401 202 207 203 108 201
1 202 203 401 505 201 101
4 208 203 506 207 201 507
2 501 208 304 207 107 508
1 302 209 104 203 207 502
2 502 207 202 501 302 401
1 506 201 202 401 207 507
2 104 509 507 201 303 503
0 108 208 501 201 303 401
1 105 201 304 203 201 509
输出数据
1 2
2 3
3 7
4 4
5 5
6 6
7 1
8 8

三、
1 1
8 102 103 104 105 106 107 108 109
0 102 104 105 109 103 106
输出数据
1 1

四、
2 3
4 101 301 402 203
5 102 201 302 303 401
3 203 103 403
2 101 301 102 201 402 203
2 303 401 402 302 101 301
score:38
编号1
冠军:1
亚军:1
季军:1
score:38
编号2
冠军:1
亚军:1
季军:1
score:1
编号3
冠军:0
亚军:0
季军:0
输出数据
1 2
2 1
3 3
五：
2 3
5 101 301 402 203 108
5 102 201 302 303 401
3 203 103 403
2 101 401 102 201 402 203
2 303 401 102 302 101 301
score:38
编号1
冠军:1
亚军:1
季军:1
score:38
编号2
冠军:1
亚军:1
季军:1
score:1
编号3
冠军:0
亚军:0
季军:0
输出数据
1 1
1 2
2 3
六、
2 3
4 101 301 402 203
5 102 201 302 303 401
3 203 103 403
2 101 302 301 201 401 103
2 101 401 303 302 103 403
score:36
编号1
冠军:2
亚军:0
季军:1
score:36
编号2
冠军:0
亚军:2
季军:1
score:4
编号3
冠军:0
亚军:0
季军:0
输出数据
1 1
2 2
3 3
七、
2 3
5 101 301 402 503 108
5 102 201 302 303 401
3 203 103 403
2 101 403 108 301 102 503
2 303 401 503 108 302 301
score:32
编号1
冠军:1
亚军:0
季军:2
score:32
编号2
冠军:1
亚军:1
季军:0
score:12
编号3
冠军:0
亚军:1
季军:0
输出数据
1 2
2 1
3 3
八、
2 3
5 101 301 402 503 108
5 102 201 302 303 401
3 203 103 403
2 101 402 108 201 102 503
2 303 401 503 102 302 301
score:38
编号1
冠军:1
亚军:1
季军:2
score:38
编号2
冠军:1
亚军:1
季军:0
score:0
编号3
冠军:0
亚军:0
季军:0
输出数据
1 1
2 2
3 3
九：
2 3
4 101 301 402 203
5 102 201 302 303 401
3 203 103 403
2 101 401 102 201 402 203
2 203 401 201 302 101 402